{
 "cells": [
  {
   "cell_type": "code",
   "execution_count": null,
   "id": "2fcb85a8",
   "metadata": {},
   "outputs": [],
   "source": [
    "\"\"\"\n",
    "Created on Sat May 21 13:35:07 2022\n",
    "\n",
    "@author: Justin Tran\n",
    "\"\"\"\"\"\""
   ]
  },
  {
   "cell_type": "code",
   "execution_count": 2,
   "id": "0de5012a",
   "metadata": {},
   "outputs": [],
   "source": [
    "import sys\n",
    "import os \n",
    "sys.path.insert(0, r'../Github/basketball_reference_scraper')\n",
    "# sys.path.insert(0, r'C:/Users/JustinTran/Documents/Github/basketball_analytics')\n",
    "# sys.path.insert(0, r'C:/Users/JustinTran/Documents/Github/espn_fantasy_basketball_analytics')\n",
    "os.chdir('../')"
   ]
  },
  {
   "cell_type": "code",
   "execution_count": 7,
   "id": "7a7782fd",
   "metadata": {},
   "outputs": [],
   "source": [
    "from espn_api.basketball.league import League\n",
    "from basketball_reference_scraper.players import get_game_logs, get_player_splits\n",
    "from basketball_reference_scraper.teams import get_team_ratings\n",
    "from espn_fantasy_basketball_analytics.statmanager import statmanager\n",
    "from espn_fantasy_basketball_analytics.nba_fantasy import teamManager\n",
    "import pandas as pd\n",
    "from datetime import datetime\n",
    "from xgboost import XGBRegressor\n",
    "from xgboost import plot_importance\n",
    "from sklearn.metrics import mean_absolute_error\n",
    "from sklearn.model_selection import train_test_split\n",
    "from sklearn.compose import ColumnTransformer\n",
    "from sklearn.preprocessing import OneHotEncoder\n",
    "from matplotlib import pyplot\n",
    "import calendar\n",
    "\n",
    "from sklearn.model_selection import train_test_split\n",
    "from sklearn.base import BaseEstimator, TransformerMixin\n",
    "from sklearn.preprocessing import OneHotEncoder, MinMaxScaler\n",
    "from sklearn.impute import SimpleImputer\n",
    "from sklearn.pipeline import Pipeline, FeatureUnion\n",
    "from sklearn.compose import ColumnTransformer\n",
    "from sklearn.linear_model import LinearRegression\n",
    "import numpy as np\n",
    "\n",
    "import warnings\n",
    "warnings.filterwarnings('ignore')"
   ]
  },
  {
   "cell_type": "code",
   "execution_count": 8,
   "id": "0ee82461",
   "metadata": {},
   "outputs": [],
   "source": [
    "# LeagueID cr\n",
    "league_id = 64009\n",
    "year = 2022\n",
    "espn_s2='AEB4vvlGxZTkNFuii7Cmx1ZaY1FDSiCgnp%2BSYIccw9%2FCWX%2FrmCw%2FY2IlEvNY%2BBjAi3Uox4ZjxmDGSbq1Ejw7%2F5wYtDVDyC1vd4NqZi%2Bg2py9QQp9OS0SkHvEU9wkUicUTv2b%2BdYvyKA3rEfSsGg4saaNnAIZVU93WKrYbqr27bjiIVKRNRdfZWfJtIv0CjgeogmGNilQ0SWXYrxibHBVUq%2BEakONVzJNEYmmhS5Omd73T8ev1Wrp6ZmrFhI%2FsAxHxWMTazJNwcpaSY%2BqHEU9x6KxHivu67b3wKSQ8JbLH84j%2BA%3D%3D'\n",
    "swid='8048D688-6AF3-4640-83ED-4B55EAC50073'\n",
    "team_name = 'Lavine La Vida Loca'"
   ]
  },
  {
   "cell_type": "code",
   "execution_count": 19,
   "id": "da57512c",
   "metadata": {},
   "outputs": [
    {
     "name": "stdout",
     "output_type": "stream",
     "text": [
      "You searched for \"Nikola Jokic\"\n",
      "3 results found.\n",
      "You searched for \"Jimmy Butler\"\n",
      "6 results found.\n",
      "You searched for \"Zach LaVine\"\n",
      "3 results found.\n",
      "You searched for \"Kristaps Porzingis\"\n",
      "1 result found.\n",
      "Kristaps Porzingis\n",
      "Results for Kristaps Porzingis:\n",
      "\n",
      "You searched for \"Terry Rozier\"\n",
      "9 results found.\n",
      "You searched for \"Darius Garland\"\n",
      "3 results found.\n",
      "You searched for \"Isaiah Stewart\"\n",
      "1 result found.\n",
      "Isaiah Stewart\n",
      "Results for Isaiah Stewart:\n",
      "\n",
      "You searched for \"Tyler Herro\"\n",
      "4 results found.\n",
      "You searched for \"Evan Mobley\"\n",
      "3 results found.\n",
      "You searched for \"Josh Giddey\"\n",
      "3 results found.\n",
      "You searched for \"Cole Anthony\"\n",
      "3 results found.\n",
      "You searched for \"Tyrese Maxey\"\n",
      "1 result found.\n",
      "Tyrese Maxey\n",
      "Results for Tyrese Maxey:\n",
      "\n",
      "You searched for \"Immanuel Quickley\"\n",
      "1 result found.\n",
      "Immanuel Quickley\n",
      "Results for Immanuel Quickley:\n",
      "\n",
      "You searched for \"Terance Mann\"\n",
      "1 result found.\n",
      "Terance Mann\n",
      "Results for Terance Mann:\n",
      "\n",
      "You searched for \"Alex Caruso\"\n",
      "6 results found.\n"
     ]
    }
   ],
   "source": [
    "# Pull player average, variance, opp defensive rating, home/away, lastNgames average, lastNgames variance, DoW, days rest (PTS)\n",
    "# Imprvements: Look at player's frequency of shots per area and how the opposing team defends area (opp_FG%)\n",
    "league = teamManager(league_id=league_id, year=year, team_name=team_name, espn_s2=espn_s2, swid=swid)\n",
    "team = league.getRosterStats(team_name)\n",
    "\n",
    "team_ratings = get_team_ratings(season_end_year=2022)\n",
    "\n",
    "player_df = pd.DataFrame()\n",
    "player_list = team['name']\n",
    "for player_name in player_list:\n",
    "    player_games = get_game_logs(player_name, 2022)\n",
    "    player_games['name'] = player_name\n",
    "    player_games['MP'] = player_games['MP'].apply(lambda x: datetime.strptime(x, '%M:%S'))\n",
    "    player_games['MP'] = player_games['MP'].apply(lambda x: round(x.minute + (x.second / 60),2))\n",
    "    pts_df = player_games[['name', 'DATE', 'MP', 'PTS', 'FG', 'FGA', 'HOME/AWAY', 'OPPONENT']]\n",
    "    pts_df['PTS'] = pts_df['PTS'].astype(int)\n",
    "    pts_df['FG'] = pts_df['FG'].astype(int)\n",
    "    pts_df['FGA'] = pts_df['FGA'].astype(int)\n",
    "    pts_df['MP_avg'] = pts_df['MP'].rolling(window=82, min_periods=8, closed='left').mean()\n",
    "    pts_df['MP_var'] = pts_df['MP'].rolling(window=82, min_periods=8, closed='left').var()\n",
    "    pts_df['pts_avg'] = pts_df['PTS'].rolling(window=82, min_periods=8, closed='left').mean()\n",
    "    pts_df['pts_var'] = pts_df['PTS'].rolling(window=82, min_periods=8, closed='left').var()\n",
    "    pts_df['L7_pts_avg'] = pts_df['PTS'].rolling(window=8, min_periods=8, closed='left').mean()\n",
    "    pts_df['L7_pts_var'] = pts_df['PTS'].rolling(window=8, min_periods=8, closed='left').var()\n",
    "    pts_df['L7_MP_avg'] = pts_df['MP'].rolling(window=8, min_periods=8, closed='left').mean()\n",
    "    pts_df['L7_MP_var'] = pts_df['MP'].rolling(window=8, min_periods=8, closed='left').var()\n",
    "    pts_df['DoW'] = pts_df['DATE'].apply(lambda x: pd.Timestamp(x).dayofweek)\n",
    "    pts_df['DoW'] = pts_df['DoW'] = pts_df['DoW'].apply(lambda x: calendar.day_name[x])\n",
    "    pts_df['days_rest'] = pts_df['DATE'].diff(1).dt.days\n",
    "\n",
    "    pts_df = pts_df.merge(team_ratings[['TEAM','DRTG/A']], left_on='OPPONENT', right_on='TEAM')\n",
    "    pts_df.drop(columns='TEAM', inplace=True)\n",
    "    \n",
    "    pts_df = pts_df.reset_index(drop=True)\n",
    "    player_df = pd.concat([player_df, pts_df])\n",
    "    \n",
    "cat_attribs = ['HOME/AWAY','DoW']\n",
    "player_df['HOME/AWAY'] = player_df['HOME/AWAY'].astype('category')\n",
    "player_df['DoW'] = player_df['DoW'].astype('category')\n",
    "    "
   ]
  },
  {
   "cell_type": "code",
   "execution_count": 22,
   "id": "129a2052",
   "metadata": {},
   "outputs": [
    {
     "data": {
      "text/html": [
       "<div>\n",
       "<style scoped>\n",
       "    .dataframe tbody tr th:only-of-type {\n",
       "        vertical-align: middle;\n",
       "    }\n",
       "\n",
       "    .dataframe tbody tr th {\n",
       "        vertical-align: top;\n",
       "    }\n",
       "\n",
       "    .dataframe thead th {\n",
       "        text-align: right;\n",
       "    }\n",
       "</style>\n",
       "<table border=\"1\" class=\"dataframe\">\n",
       "  <thead>\n",
       "    <tr style=\"text-align: right;\">\n",
       "      <th></th>\n",
       "      <th>PTS</th>\n",
       "      <th>MP_avg</th>\n",
       "      <th>MP_var</th>\n",
       "      <th>pts_avg</th>\n",
       "      <th>pts_var</th>\n",
       "      <th>L7_pts_avg</th>\n",
       "      <th>L7_pts_var</th>\n",
       "      <th>L7_MP_avg</th>\n",
       "      <th>L7_MP_var</th>\n",
       "      <th>days_rest</th>\n",
       "      <th>DRTG/A</th>\n",
       "    </tr>\n",
       "  </thead>\n",
       "  <tbody>\n",
       "    <tr>\n",
       "      <th>PTS</th>\n",
       "      <td>1.000000</td>\n",
       "      <td>0.124563</td>\n",
       "      <td>-0.098866</td>\n",
       "      <td>-0.016153</td>\n",
       "      <td>0.228317</td>\n",
       "      <td>0.078871</td>\n",
       "      <td>0.009270</td>\n",
       "      <td>0.155658</td>\n",
       "      <td>-0.056287</td>\n",
       "      <td>-0.053946</td>\n",
       "      <td>-0.054451</td>\n",
       "    </tr>\n",
       "    <tr>\n",
       "      <th>MP_avg</th>\n",
       "      <td>0.124563</td>\n",
       "      <td>1.000000</td>\n",
       "      <td>-0.918118</td>\n",
       "      <td>0.613387</td>\n",
       "      <td>0.596539</td>\n",
       "      <td>0.439187</td>\n",
       "      <td>0.241821</td>\n",
       "      <td>0.582492</td>\n",
       "      <td>-0.589757</td>\n",
       "      <td>-0.161743</td>\n",
       "      <td>-0.104213</td>\n",
       "    </tr>\n",
       "    <tr>\n",
       "      <th>MP_var</th>\n",
       "      <td>-0.098866</td>\n",
       "      <td>-0.918118</td>\n",
       "      <td>1.000000</td>\n",
       "      <td>-0.456554</td>\n",
       "      <td>-0.504047</td>\n",
       "      <td>-0.244138</td>\n",
       "      <td>-0.113612</td>\n",
       "      <td>-0.350030</td>\n",
       "      <td>0.658112</td>\n",
       "      <td>0.178501</td>\n",
       "      <td>0.144623</td>\n",
       "    </tr>\n",
       "    <tr>\n",
       "      <th>pts_avg</th>\n",
       "      <td>-0.016153</td>\n",
       "      <td>0.613387</td>\n",
       "      <td>-0.456554</td>\n",
       "      <td>1.000000</td>\n",
       "      <td>0.447044</td>\n",
       "      <td>0.801620</td>\n",
       "      <td>0.095536</td>\n",
       "      <td>0.619178</td>\n",
       "      <td>-0.463834</td>\n",
       "      <td>0.035297</td>\n",
       "      <td>-0.091105</td>\n",
       "    </tr>\n",
       "    <tr>\n",
       "      <th>pts_var</th>\n",
       "      <td>0.228317</td>\n",
       "      <td>0.596539</td>\n",
       "      <td>-0.504047</td>\n",
       "      <td>0.447044</td>\n",
       "      <td>1.000000</td>\n",
       "      <td>0.505860</td>\n",
       "      <td>0.589886</td>\n",
       "      <td>0.364231</td>\n",
       "      <td>-0.030717</td>\n",
       "      <td>-0.239958</td>\n",
       "      <td>-0.158137</td>\n",
       "    </tr>\n",
       "    <tr>\n",
       "      <th>L7_pts_avg</th>\n",
       "      <td>0.078871</td>\n",
       "      <td>0.439187</td>\n",
       "      <td>-0.244138</td>\n",
       "      <td>0.801620</td>\n",
       "      <td>0.505860</td>\n",
       "      <td>1.000000</td>\n",
       "      <td>0.181591</td>\n",
       "      <td>0.708412</td>\n",
       "      <td>-0.182873</td>\n",
       "      <td>-0.008006</td>\n",
       "      <td>-0.117901</td>\n",
       "    </tr>\n",
       "    <tr>\n",
       "      <th>L7_pts_var</th>\n",
       "      <td>0.009270</td>\n",
       "      <td>0.241821</td>\n",
       "      <td>-0.113612</td>\n",
       "      <td>0.095536</td>\n",
       "      <td>0.589886</td>\n",
       "      <td>0.181591</td>\n",
       "      <td>1.000000</td>\n",
       "      <td>0.377684</td>\n",
       "      <td>0.242437</td>\n",
       "      <td>-0.184475</td>\n",
       "      <td>-0.074218</td>\n",
       "    </tr>\n",
       "    <tr>\n",
       "      <th>L7_MP_avg</th>\n",
       "      <td>0.155658</td>\n",
       "      <td>0.582492</td>\n",
       "      <td>-0.350030</td>\n",
       "      <td>0.619178</td>\n",
       "      <td>0.364231</td>\n",
       "      <td>0.708412</td>\n",
       "      <td>0.377684</td>\n",
       "      <td>1.000000</td>\n",
       "      <td>-0.360466</td>\n",
       "      <td>-0.046873</td>\n",
       "      <td>-0.016305</td>\n",
       "    </tr>\n",
       "    <tr>\n",
       "      <th>L7_MP_var</th>\n",
       "      <td>-0.056287</td>\n",
       "      <td>-0.589757</td>\n",
       "      <td>0.658112</td>\n",
       "      <td>-0.463834</td>\n",
       "      <td>-0.030717</td>\n",
       "      <td>-0.182873</td>\n",
       "      <td>0.242437</td>\n",
       "      <td>-0.360466</td>\n",
       "      <td>1.000000</td>\n",
       "      <td>-0.080518</td>\n",
       "      <td>0.169128</td>\n",
       "    </tr>\n",
       "    <tr>\n",
       "      <th>days_rest</th>\n",
       "      <td>-0.053946</td>\n",
       "      <td>-0.161743</td>\n",
       "      <td>0.178501</td>\n",
       "      <td>0.035297</td>\n",
       "      <td>-0.239958</td>\n",
       "      <td>-0.008006</td>\n",
       "      <td>-0.184475</td>\n",
       "      <td>-0.046873</td>\n",
       "      <td>-0.080518</td>\n",
       "      <td>1.000000</td>\n",
       "      <td>0.059892</td>\n",
       "    </tr>\n",
       "    <tr>\n",
       "      <th>DRTG/A</th>\n",
       "      <td>-0.054451</td>\n",
       "      <td>-0.104213</td>\n",
       "      <td>0.144623</td>\n",
       "      <td>-0.091105</td>\n",
       "      <td>-0.158137</td>\n",
       "      <td>-0.117901</td>\n",
       "      <td>-0.074218</td>\n",
       "      <td>-0.016305</td>\n",
       "      <td>0.169128</td>\n",
       "      <td>0.059892</td>\n",
       "      <td>1.000000</td>\n",
       "    </tr>\n",
       "  </tbody>\n",
       "</table>\n",
       "</div>"
      ],
      "text/plain": [
       "                 PTS    MP_avg    MP_var   pts_avg   pts_var  L7_pts_avg  L7_pts_var  L7_MP_avg  L7_MP_var  days_rest    DRTG/A\n",
       "PTS         1.000000  0.124563 -0.098866 -0.016153  0.228317    0.078871    0.009270   0.155658  -0.056287  -0.053946 -0.054451\n",
       "MP_avg      0.124563  1.000000 -0.918118  0.613387  0.596539    0.439187    0.241821   0.582492  -0.589757  -0.161743 -0.104213\n",
       "MP_var     -0.098866 -0.918118  1.000000 -0.456554 -0.504047   -0.244138   -0.113612  -0.350030   0.658112   0.178501  0.144623\n",
       "pts_avg    -0.016153  0.613387 -0.456554  1.000000  0.447044    0.801620    0.095536   0.619178  -0.463834   0.035297 -0.091105\n",
       "pts_var     0.228317  0.596539 -0.504047  0.447044  1.000000    0.505860    0.589886   0.364231  -0.030717  -0.239958 -0.158137\n",
       "L7_pts_avg  0.078871  0.439187 -0.244138  0.801620  0.505860    1.000000    0.181591   0.708412  -0.182873  -0.008006 -0.117901\n",
       "L7_pts_var  0.009270  0.241821 -0.113612  0.095536  0.589886    0.181591    1.000000   0.377684   0.242437  -0.184475 -0.074218\n",
       "L7_MP_avg   0.155658  0.582492 -0.350030  0.619178  0.364231    0.708412    0.377684   1.000000  -0.360466  -0.046873 -0.016305\n",
       "L7_MP_var  -0.056287 -0.589757  0.658112 -0.463834 -0.030717   -0.182873    0.242437  -0.360466   1.000000  -0.080518  0.169128\n",
       "days_rest  -0.053946 -0.161743  0.178501  0.035297 -0.239958   -0.008006   -0.184475  -0.046873  -0.080518   1.000000  0.059892\n",
       "DRTG/A     -0.054451 -0.104213  0.144623 -0.091105 -0.158137   -0.117901   -0.074218  -0.016305   0.169128   0.059892  1.000000"
      ]
     },
     "execution_count": 22,
     "metadata": {},
     "output_type": "execute_result"
    }
   ],
   "source": [
    "df.loc[df['name'] == 'Nikola Jokic', ~df.columns.isin(['name','DATE','OPPONENT','MP', 'FGA', 'FG', 'DoW', 'HOME/AWAY'])].corr()"
   ]
  },
  {
   "cell_type": "code",
   "execution_count": null,
   "id": "e7fe16f9",
   "metadata": {},
   "outputs": [],
   "source": [
    "y = df['PTS']\n",
    "X = df.loc[:, ~df.columns.isin(['name','PTS','DATE','OPPONENT','MP', 'FGA', 'FG', 'DoW', 'HOME/AWAY'])]\n",
    "train_X, test_X, train_y, test_y = train_test_split(X, y, test_size=.2, random_state = 0)\n",
    "\n",
    "# Define categorical columns\n",
    "categorical = list(train_X.select_dtypes('category').columns)\n",
    "print(f\"Categorical columns are: {categorical}\")\n",
    "\n",
    "# Define numerical columns\n",
    "numerical = list(train_X.select_dtypes('number').columns)\n",
    "print(f\"Numerical columns are: {numerical}\")\n",
    "\n",
    "# cat_pipe = Pipeline([\n",
    "#     ('imputer', SimpleImputer(strategy='constant', fill_value='missing')),\n",
    "#     ('encoder', OneHotEncoder(handle_unknown='ignore', sparse=False))\n",
    "# ])\n",
    "\n",
    "# Define numerical pipeline\n",
    "num_pipe = Pipeline([\n",
    "    ('imputer', SimpleImputer(strategy='median')),\n",
    "    ('scaler', MinMaxScaler())\n",
    "])\n",
    "\n",
    "preprocessor = ColumnTransformer([\n",
    "    # ('cat', cat_pipe, categorical),\n",
    "    ('num', num_pipe, numerical)\n",
    "])\n",
    "\n",
    "pipe = Pipeline([\n",
    "    ('preprocessor', preprocessor),\n",
    "    ('model', XGBRegressor(n_estimators=50))\n",
    "])\n",
    "\n",
    "pipe.fit(train_X, train_y)\n",
    "\n",
    "# cat_columns = preprocessor.named_transformers_['cat']['encoder'].get_feature_names_out(categorical)\n",
    "# columns = np.append(cat_columns, numerical)\n",
    "\n",
    "# Inspect training data before and after\n",
    "print(\"******************** Training data ********************\")\n",
    "display(train_X)\n",
    "display(pd.DataFrame(preprocessor.transform(train_X), columns=numerical))\n",
    "\n",
    "# # Inspect test data before and after\n",
    "# print(\"******************** Test data ********************\")\n",
    "# display(test_X)\n",
    "# display(pd.DataFrame(preprocessor.transform(test_X), columns=columns))\n",
    "\n",
    "prediction = pipe.predict(test_X)\n",
    "\n",
    "mean_absolute_error(test_y, prediction)"
   ]
  }
 ],
 "metadata": {
  "kernelspec": {
   "display_name": "Python 3 (ipykernel)",
   "language": "python",
   "name": "python3"
  },
  "language_info": {
   "codemirror_mode": {
    "name": "ipython",
    "version": 3
   },
   "file_extension": ".py",
   "mimetype": "text/x-python",
   "name": "python",
   "nbconvert_exporter": "python",
   "pygments_lexer": "ipython3",
   "version": "3.8.13"
  }
 },
 "nbformat": 4,
 "nbformat_minor": 5
}
